{
 "cells": [
  {
   "cell_type": "code",
   "execution_count": 2,
   "metadata": {},
   "outputs": [
    {
     "name": "stdout",
     "output_type": "stream",
     "text": [
      "<class 'pandas.core.frame.DataFrame'>\n",
      "RangeIndex: 19621 entries, 0 to 19620\n",
      "Data columns (total 14 columns):\n",
      "企业编号              19621 non-null int64\n",
      "标题                19621 non-null object\n",
      "日期                19621 non-null object\n",
      "营业收入(元)           19609 non-null float64\n",
      "营业成本(元)           19174 non-null float64\n",
      "销售费用(元)           18757 non-null object\n",
      "财务费用(元)           19197 non-null float64\n",
      "管理费用(元)           19621 non-null float64\n",
      "资产减值损失(元)         18947 non-null object\n",
      "投资收益(元)           17762 non-null object\n",
      "营业利润(元)           19613 non-null float64\n",
      "利润总额(元)           19613 non-null float64\n",
      "所得税(元)            19269 non-null object\n",
      "归属母公司所有者净利润(元)    19600 non-null float64\n",
      "dtypes: float64(7), int64(1), object(6)\n",
      "memory usage: 2.1+ MB\n",
      "<class 'pandas.core.frame.DataFrame'>\n",
      "Int64Index: 15973 entries, 6 to 19620\n",
      "Data columns (total 14 columns):\n",
      "企业编号              15973 non-null int64\n",
      "标题                15973 non-null object\n",
      "日期                15973 non-null object\n",
      "营业收入(元)           15973 non-null float64\n",
      "营业成本(元)           15973 non-null float64\n",
      "销售费用(元)           15973 non-null float64\n",
      "财务费用(元)           15973 non-null float64\n",
      "管理费用(元)           15973 non-null float64\n",
      "资产减值损失(元)         15973 non-null float64\n",
      "投资收益(元)           15973 non-null float64\n",
      "营业利润(元)           15973 non-null float64\n",
      "利润总额(元)           15973 non-null float64\n",
      "所得税(元)            15973 non-null float64\n",
      "归属母公司所有者净利润(元)    15973 non-null float64\n",
      "dtypes: float64(11), int64(1), object(2)\n",
      "memory usage: 1.8+ MB\n"
     ]
    }
   ],
   "source": [
    "# 利润表特征相关性分析\n",
    "import numpy as np\n",
    "import matplotlib.pyplot as plt\n",
    "import pandas as pd\n",
    "import seaborn as sns\n",
    "import matplotlib as mpl\n",
    "from IPython.display import display\n",
    "from sklearn.preprocessing import Imputer\n",
    "from scipy import stats\n",
    "plt.style.use(\"fivethirtyeight\")\n",
    "sns.set_style({'font.sans-serif':['simhei','Arial']})\n",
    "profitdataset= pd.read_excel('/Users/zengxiaoyu/Documents/赛题1数据集/上市信息财务信息-利润表(清楚单位).xlsx')\n",
    "profitdataset=pd.DataFrame(profitdataset)\n",
    "profitdataset.info()\n",
    "profitdataset[\"销售费用(元)\"]=pd.to_numeric(profitdataset[\"销售费用(元)\"],errors='coerce')\n",
    "profitdataset[\"资产减值损失(元)\"]=pd.to_numeric(profitdataset[\"资产减值损失(元)\"], errors='coerce')\n",
    "profitdataset[\"投资收益(元)\"]=pd.to_numeric(profitdataset[\"投资收益(元)\"], errors='coerce')\n",
    "profitdataset[\"所得税(元)\"]=pd.to_numeric(profitdataset[\"所得税(元)\"], errors='coerce')\n",
    "profitdata1=profitdataset.dropna()\n",
    "profitdata1.info()\n",
    "#总样本：19621\n",
    "#完整样本：15973\n",
    "#比例：81.4%\n"
   ]
  },
  {
   "cell_type": "code",
   "execution_count": 3,
   "metadata": {},
   "outputs": [
    {
     "data": {
      "text/html": [
       "<div>\n",
       "<style scoped>\n",
       "    .dataframe tbody tr th:only-of-type {\n",
       "        vertical-align: middle;\n",
       "    }\n",
       "\n",
       "    .dataframe tbody tr th {\n",
       "        vertical-align: top;\n",
       "    }\n",
       "\n",
       "    .dataframe thead th {\n",
       "        text-align: right;\n",
       "    }\n",
       "</style>\n",
       "<table border=\"1\" class=\"dataframe\">\n",
       "  <thead>\n",
       "    <tr style=\"text-align: right;\">\n",
       "      <th></th>\n",
       "      <th>企业编号</th>\n",
       "      <th>营业收入(元)</th>\n",
       "      <th>营业成本(元)</th>\n",
       "      <th>销售费用(元)</th>\n",
       "      <th>财务费用(元)</th>\n",
       "      <th>管理费用(元)</th>\n",
       "      <th>资产减值损失(元)</th>\n",
       "      <th>投资收益(元)</th>\n",
       "      <th>营业利润(元)</th>\n",
       "      <th>利润总额(元)</th>\n",
       "      <th>所得税(元)</th>\n",
       "      <th>归属母公司所有者净利润(元)</th>\n",
       "    </tr>\n",
       "  </thead>\n",
       "  <tbody>\n",
       "    <tr>\n",
       "      <th>企业编号</th>\n",
       "      <td>1.000000</td>\n",
       "      <td>-0.099815</td>\n",
       "      <td>-0.100872</td>\n",
       "      <td>-0.092268</td>\n",
       "      <td>-0.129130</td>\n",
       "      <td>-0.104086</td>\n",
       "      <td>-0.049359</td>\n",
       "      <td>-0.104359</td>\n",
       "      <td>-0.112623</td>\n",
       "      <td>-0.115418</td>\n",
       "      <td>-0.105126</td>\n",
       "      <td>-0.108932</td>\n",
       "    </tr>\n",
       "    <tr>\n",
       "      <th>营业收入(元)</th>\n",
       "      <td>-0.099815</td>\n",
       "      <td>1.000000</td>\n",
       "      <td>0.997694</td>\n",
       "      <td>0.761962</td>\n",
       "      <td>0.594392</td>\n",
       "      <td>0.943934</td>\n",
       "      <td>0.591216</td>\n",
       "      <td>0.552542</td>\n",
       "      <td>0.844304</td>\n",
       "      <td>0.837817</td>\n",
       "      <td>0.823842</td>\n",
       "      <td>0.792331</td>\n",
       "    </tr>\n",
       "    <tr>\n",
       "      <th>营业成本(元)</th>\n",
       "      <td>-0.100872</td>\n",
       "      <td>0.997694</td>\n",
       "      <td>1.000000</td>\n",
       "      <td>0.740791</td>\n",
       "      <td>0.590357</td>\n",
       "      <td>0.933808</td>\n",
       "      <td>0.586499</td>\n",
       "      <td>0.551726</td>\n",
       "      <td>0.826779</td>\n",
       "      <td>0.821486</td>\n",
       "      <td>0.804346</td>\n",
       "      <td>0.776686</td>\n",
       "    </tr>\n",
       "    <tr>\n",
       "      <th>销售费用(元)</th>\n",
       "      <td>-0.092268</td>\n",
       "      <td>0.761962</td>\n",
       "      <td>0.740791</td>\n",
       "      <td>1.000000</td>\n",
       "      <td>0.400038</td>\n",
       "      <td>0.781672</td>\n",
       "      <td>0.463321</td>\n",
       "      <td>0.639627</td>\n",
       "      <td>0.685422</td>\n",
       "      <td>0.677897</td>\n",
       "      <td>0.624339</td>\n",
       "      <td>0.639967</td>\n",
       "    </tr>\n",
       "    <tr>\n",
       "      <th>财务费用(元)</th>\n",
       "      <td>-0.129130</td>\n",
       "      <td>0.594392</td>\n",
       "      <td>0.590357</td>\n",
       "      <td>0.400038</td>\n",
       "      <td>1.000000</td>\n",
       "      <td>0.595206</td>\n",
       "      <td>0.425168</td>\n",
       "      <td>0.281636</td>\n",
       "      <td>0.553989</td>\n",
       "      <td>0.543507</td>\n",
       "      <td>0.597764</td>\n",
       "      <td>0.497600</td>\n",
       "    </tr>\n",
       "    <tr>\n",
       "      <th>管理费用(元)</th>\n",
       "      <td>-0.104086</td>\n",
       "      <td>0.943934</td>\n",
       "      <td>0.933808</td>\n",
       "      <td>0.781672</td>\n",
       "      <td>0.595206</td>\n",
       "      <td>1.000000</td>\n",
       "      <td>0.646685</td>\n",
       "      <td>0.558257</td>\n",
       "      <td>0.816426</td>\n",
       "      <td>0.811789</td>\n",
       "      <td>0.790739</td>\n",
       "      <td>0.771093</td>\n",
       "    </tr>\n",
       "    <tr>\n",
       "      <th>资产减值损失(元)</th>\n",
       "      <td>-0.049359</td>\n",
       "      <td>0.591216</td>\n",
       "      <td>0.586499</td>\n",
       "      <td>0.463321</td>\n",
       "      <td>0.425168</td>\n",
       "      <td>0.646685</td>\n",
       "      <td>1.000000</td>\n",
       "      <td>0.413683</td>\n",
       "      <td>0.402209</td>\n",
       "      <td>0.402062</td>\n",
       "      <td>0.407594</td>\n",
       "      <td>0.328949</td>\n",
       "    </tr>\n",
       "    <tr>\n",
       "      <th>投资收益(元)</th>\n",
       "      <td>-0.104359</td>\n",
       "      <td>0.552542</td>\n",
       "      <td>0.551726</td>\n",
       "      <td>0.639627</td>\n",
       "      <td>0.281636</td>\n",
       "      <td>0.558257</td>\n",
       "      <td>0.413683</td>\n",
       "      <td>1.000000</td>\n",
       "      <td>0.600096</td>\n",
       "      <td>0.608409</td>\n",
       "      <td>0.483655</td>\n",
       "      <td>0.545535</td>\n",
       "    </tr>\n",
       "    <tr>\n",
       "      <th>营业利润(元)</th>\n",
       "      <td>-0.112623</td>\n",
       "      <td>0.844304</td>\n",
       "      <td>0.826779</td>\n",
       "      <td>0.685422</td>\n",
       "      <td>0.553989</td>\n",
       "      <td>0.816426</td>\n",
       "      <td>0.402209</td>\n",
       "      <td>0.600096</td>\n",
       "      <td>1.000000</td>\n",
       "      <td>0.997732</td>\n",
       "      <td>0.956961</td>\n",
       "      <td>0.977723</td>\n",
       "    </tr>\n",
       "    <tr>\n",
       "      <th>利润总额(元)</th>\n",
       "      <td>-0.115418</td>\n",
       "      <td>0.837817</td>\n",
       "      <td>0.821486</td>\n",
       "      <td>0.677897</td>\n",
       "      <td>0.543507</td>\n",
       "      <td>0.811789</td>\n",
       "      <td>0.402062</td>\n",
       "      <td>0.608409</td>\n",
       "      <td>0.997732</td>\n",
       "      <td>1.000000</td>\n",
       "      <td>0.947747</td>\n",
       "      <td>0.980016</td>\n",
       "    </tr>\n",
       "    <tr>\n",
       "      <th>所得税(元)</th>\n",
       "      <td>-0.105126</td>\n",
       "      <td>0.823842</td>\n",
       "      <td>0.804346</td>\n",
       "      <td>0.624339</td>\n",
       "      <td>0.597764</td>\n",
       "      <td>0.790739</td>\n",
       "      <td>0.407594</td>\n",
       "      <td>0.483655</td>\n",
       "      <td>0.956961</td>\n",
       "      <td>0.947747</td>\n",
       "      <td>1.000000</td>\n",
       "      <td>0.907588</td>\n",
       "    </tr>\n",
       "    <tr>\n",
       "      <th>归属母公司所有者净利润(元)</th>\n",
       "      <td>-0.108932</td>\n",
       "      <td>0.792331</td>\n",
       "      <td>0.776686</td>\n",
       "      <td>0.639967</td>\n",
       "      <td>0.497600</td>\n",
       "      <td>0.771093</td>\n",
       "      <td>0.328949</td>\n",
       "      <td>0.545535</td>\n",
       "      <td>0.977723</td>\n",
       "      <td>0.980016</td>\n",
       "      <td>0.907588</td>\n",
       "      <td>1.000000</td>\n",
       "    </tr>\n",
       "  </tbody>\n",
       "</table>\n",
       "</div>"
      ],
      "text/plain": [
       "                    企业编号   营业收入(元)   营业成本(元)   销售费用(元)   财务费用(元)   管理费用(元)  \\\n",
       "企业编号            1.000000 -0.099815 -0.100872 -0.092268 -0.129130 -0.104086   \n",
       "营业收入(元)        -0.099815  1.000000  0.997694  0.761962  0.594392  0.943934   \n",
       "营业成本(元)        -0.100872  0.997694  1.000000  0.740791  0.590357  0.933808   \n",
       "销售费用(元)        -0.092268  0.761962  0.740791  1.000000  0.400038  0.781672   \n",
       "财务费用(元)        -0.129130  0.594392  0.590357  0.400038  1.000000  0.595206   \n",
       "管理费用(元)        -0.104086  0.943934  0.933808  0.781672  0.595206  1.000000   \n",
       "资产减值损失(元)      -0.049359  0.591216  0.586499  0.463321  0.425168  0.646685   \n",
       "投资收益(元)        -0.104359  0.552542  0.551726  0.639627  0.281636  0.558257   \n",
       "营业利润(元)        -0.112623  0.844304  0.826779  0.685422  0.553989  0.816426   \n",
       "利润总额(元)        -0.115418  0.837817  0.821486  0.677897  0.543507  0.811789   \n",
       "所得税(元)         -0.105126  0.823842  0.804346  0.624339  0.597764  0.790739   \n",
       "归属母公司所有者净利润(元) -0.108932  0.792331  0.776686  0.639967  0.497600  0.771093   \n",
       "\n",
       "                资产减值损失(元)   投资收益(元)   营业利润(元)   利润总额(元)    所得税(元)  \\\n",
       "企业编号            -0.049359 -0.104359 -0.112623 -0.115418 -0.105126   \n",
       "营业收入(元)          0.591216  0.552542  0.844304  0.837817  0.823842   \n",
       "营业成本(元)          0.586499  0.551726  0.826779  0.821486  0.804346   \n",
       "销售费用(元)          0.463321  0.639627  0.685422  0.677897  0.624339   \n",
       "财务费用(元)          0.425168  0.281636  0.553989  0.543507  0.597764   \n",
       "管理费用(元)          0.646685  0.558257  0.816426  0.811789  0.790739   \n",
       "资产减值损失(元)        1.000000  0.413683  0.402209  0.402062  0.407594   \n",
       "投资收益(元)          0.413683  1.000000  0.600096  0.608409  0.483655   \n",
       "营业利润(元)          0.402209  0.600096  1.000000  0.997732  0.956961   \n",
       "利润总额(元)          0.402062  0.608409  0.997732  1.000000  0.947747   \n",
       "所得税(元)           0.407594  0.483655  0.956961  0.947747  1.000000   \n",
       "归属母公司所有者净利润(元)   0.328949  0.545535  0.977723  0.980016  0.907588   \n",
       "\n",
       "                归属母公司所有者净利润(元)  \n",
       "企业编号                 -0.108932  \n",
       "营业收入(元)               0.792331  \n",
       "营业成本(元)               0.776686  \n",
       "销售费用(元)               0.639967  \n",
       "财务费用(元)               0.497600  \n",
       "管理费用(元)               0.771093  \n",
       "资产减值损失(元)             0.328949  \n",
       "投资收益(元)               0.545535  \n",
       "营业利润(元)               0.977723  \n",
       "利润总额(元)               0.980016  \n",
       "所得税(元)                0.907588  \n",
       "归属母公司所有者净利润(元)        1.000000  "
      ]
     },
     "execution_count": 3,
     "metadata": {},
     "output_type": "execute_result"
    }
   ],
   "source": [
    "profitdata1.corr()\n",
    "#就相关性初步分析总结：营业收入和营业成本以及管理费用相关性较大，建议用营业收入代替营业成本管理费用两个特征。\n",
    "#财务费用、资产减值损失、投资收益和其他特征相关性较低，特征保留\n",
    "#营业利润、利润总额、净利润相关性较高，建议选择其中一个，建议选择净利润（理由：净利润和其他指标的相关性三者中最低且比较全面）\n",
    "#所得税的重要性不是太高，一般和净利润有比例关系。建议剔除\n",
    "#综上，初步就此表局部分析 选择的指标（按重要性排序）营业收入-净利润-财务费用、资产减值损失、投资收益\n",
    "#后续分析其他表，发现相关性比较大的话还会进行选择。"
   ]
  },
  {
   "cell_type": "code",
   "execution_count": 4,
   "metadata": {},
   "outputs": [
    {
     "data": {
      "text/html": [
       "<div>\n",
       "<style scoped>\n",
       "    .dataframe tbody tr th:only-of-type {\n",
       "        vertical-align: middle;\n",
       "    }\n",
       "\n",
       "    .dataframe tbody tr th {\n",
       "        vertical-align: top;\n",
       "    }\n",
       "\n",
       "    .dataframe thead th {\n",
       "        text-align: right;\n",
       "    }\n",
       "</style>\n",
       "<table border=\"1\" class=\"dataframe\">\n",
       "  <thead>\n",
       "    <tr style=\"text-align: right;\">\n",
       "      <th></th>\n",
       "      <th>企业编号</th>\n",
       "      <th>标题</th>\n",
       "      <th>日期</th>\n",
       "      <th>营业收入(元)</th>\n",
       "      <th>营业成本(元)</th>\n",
       "      <th>销售费用(元)</th>\n",
       "      <th>财务费用(元)</th>\n",
       "      <th>管理费用(元)</th>\n",
       "      <th>资产减值损失(元)</th>\n",
       "      <th>投资收益(元)</th>\n",
       "      <th>营业利润(元)</th>\n",
       "      <th>利润总额(元)</th>\n",
       "      <th>所得税(元)</th>\n",
       "      <th>归属母公司所有者净利润(元)</th>\n",
       "    </tr>\n",
       "  </thead>\n",
       "  <tbody>\n",
       "    <tr>\n",
       "      <th>6</th>\n",
       "      <td>1002</td>\n",
       "      <td>利润表</td>\n",
       "      <td>2018-09-30</td>\n",
       "      <td>5.803395e+09</td>\n",
       "      <td>4.145927e+09</td>\n",
       "      <td>21521618.90</td>\n",
       "      <td>72485135.28</td>\n",
       "      <td>3.372786e+08</td>\n",
       "      <td>11890361.38</td>\n",
       "      <td>35859554.47</td>\n",
       "      <td>1.247170e+09</td>\n",
       "      <td>1.252524e+09</td>\n",
       "      <td>3.128934e+08</td>\n",
       "      <td>9.146334e+08</td>\n",
       "    </tr>\n",
       "    <tr>\n",
       "      <th>7</th>\n",
       "      <td>1002</td>\n",
       "      <td>利润表</td>\n",
       "      <td>2018-06-30</td>\n",
       "      <td>3.720616e+09</td>\n",
       "      <td>2.524410e+09</td>\n",
       "      <td>16058592.17</td>\n",
       "      <td>32046137.95</td>\n",
       "      <td>1.885846e+08</td>\n",
       "      <td>31814002.69</td>\n",
       "      <td>17785221.48</td>\n",
       "      <td>9.519288e+08</td>\n",
       "      <td>9.549638e+08</td>\n",
       "      <td>2.391728e+08</td>\n",
       "      <td>7.008572e+08</td>\n",
       "    </tr>\n",
       "    <tr>\n",
       "      <th>8</th>\n",
       "      <td>1002</td>\n",
       "      <td>利润表</td>\n",
       "      <td>2018-03-31</td>\n",
       "      <td>1.723799e+09</td>\n",
       "      <td>1.039236e+09</td>\n",
       "      <td>13675219.71</td>\n",
       "      <td>-5158955.50</td>\n",
       "      <td>6.735945e+07</td>\n",
       "      <td>11965766.70</td>\n",
       "      <td>8784291.90</td>\n",
       "      <td>5.949462e+08</td>\n",
       "      <td>5.963890e+08</td>\n",
       "      <td>1.599527e+08</td>\n",
       "      <td>4.318435e+08</td>\n",
       "    </tr>\n",
       "    <tr>\n",
       "      <th>9</th>\n",
       "      <td>1002</td>\n",
       "      <td>利润表</td>\n",
       "      <td>2017-12-31</td>\n",
       "      <td>6.761551e+09</td>\n",
       "      <td>4.018886e+09</td>\n",
       "      <td>88346033.54</td>\n",
       "      <td>38668629.07</td>\n",
       "      <td>4.231062e+08</td>\n",
       "      <td>18778746.50</td>\n",
       "      <td>45618283.41</td>\n",
       "      <td>2.164937e+09</td>\n",
       "      <td>2.165782e+09</td>\n",
       "      <td>5.645379e+08</td>\n",
       "      <td>1.564239e+09</td>\n",
       "    </tr>\n",
       "    <tr>\n",
       "      <th>10</th>\n",
       "      <td>1002</td>\n",
       "      <td>利润表</td>\n",
       "      <td>2017-09-30</td>\n",
       "      <td>4.918489e+09</td>\n",
       "      <td>3.002666e+09</td>\n",
       "      <td>51892699.42</td>\n",
       "      <td>-2303141.86</td>\n",
       "      <td>2.845893e+08</td>\n",
       "      <td>8285494.73</td>\n",
       "      <td>37229182.00</td>\n",
       "      <td>1.607031e+09</td>\n",
       "      <td>1.577293e+09</td>\n",
       "      <td>3.972435e+08</td>\n",
       "      <td>1.198716e+09</td>\n",
       "    </tr>\n",
       "  </tbody>\n",
       "</table>\n",
       "</div>"
      ],
      "text/plain": [
       "    企业编号   标题          日期       营业收入(元)       营业成本(元)      销售费用(元)  \\\n",
       "6   1002  利润表  2018-09-30  5.803395e+09  4.145927e+09  21521618.90   \n",
       "7   1002  利润表  2018-06-30  3.720616e+09  2.524410e+09  16058592.17   \n",
       "8   1002  利润表  2018-03-31  1.723799e+09  1.039236e+09  13675219.71   \n",
       "9   1002  利润表  2017-12-31  6.761551e+09  4.018886e+09  88346033.54   \n",
       "10  1002  利润表  2017-09-30  4.918489e+09  3.002666e+09  51892699.42   \n",
       "\n",
       "        财务费用(元)       管理费用(元)    资产减值损失(元)      投资收益(元)       营业利润(元)  \\\n",
       "6   72485135.28  3.372786e+08  11890361.38  35859554.47  1.247170e+09   \n",
       "7   32046137.95  1.885846e+08  31814002.69  17785221.48  9.519288e+08   \n",
       "8   -5158955.50  6.735945e+07  11965766.70   8784291.90  5.949462e+08   \n",
       "9   38668629.07  4.231062e+08  18778746.50  45618283.41  2.164937e+09   \n",
       "10  -2303141.86  2.845893e+08   8285494.73  37229182.00  1.607031e+09   \n",
       "\n",
       "         利润总额(元)        所得税(元)  归属母公司所有者净利润(元)  \n",
       "6   1.252524e+09  3.128934e+08    9.146334e+08  \n",
       "7   9.549638e+08  2.391728e+08    7.008572e+08  \n",
       "8   5.963890e+08  1.599527e+08    4.318435e+08  \n",
       "9   2.165782e+09  5.645379e+08    1.564239e+09  \n",
       "10  1.577293e+09  3.972435e+08    1.198716e+09  "
      ]
     },
     "execution_count": 4,
     "metadata": {},
     "output_type": "execute_result"
    }
   ],
   "source": [
    "profitdata1.head(n=5)\n",
    "\n"
   ]
  },
  {
   "cell_type": "code",
   "execution_count": 6,
   "metadata": {},
   "outputs": [
    {
     "name": "stdout",
     "output_type": "stream",
     "text": [
      "最佳拟合线:截距 131123751.77297348 ,回归系数： [ 0.32982587 -0.33506114 -0.5143316   0.47606126  0.07607808 -1.62263694\n",
      "  1.53483755]\n",
      "回归得分: 0.8538580905784245\n"
     ]
    },
    {
     "name": "stderr",
     "output_type": "stream",
     "text": [
      "/Library/Frameworks/Python.framework/Versions/3.7/lib/python3.7/site-packages/sklearn/model_selection/_split.py:2179: FutureWarning: From version 0.21, test_size will always complement train_size unless both are specified.\n",
      "  FutureWarning)\n"
     ]
    }
   ],
   "source": [
    "#营业利润和营业收入、营业成本、销售费用、财务费用、管理费用、资产减值损失、投资收益回归\n",
    "from sklearn.model_selection import train_test_split\n",
    "from sklearn.linear_model import LinearRegression\n",
    "X_train,X_test,Y_train,Y_test = train_test_split(profitdata1.iloc[:,3:10],profitdata1['营业利润(元)'],train_size=.80)\n",
    "model = LinearRegression()\n",
    "model.fit(X_train,Y_train)\n",
    "a1 = model.intercept_ \n",
    "b1 = model.coef_\n",
    "print(\"最佳拟合线:截距\",a1,\",回归系数：\",b1)\n",
    "score = model.score(X_test,Y_test)\n",
    "print(\"回归得分:\",score)"
   ]
  },
  {
   "cell_type": "code",
   "execution_count": 7,
   "metadata": {},
   "outputs": [
    {
     "name": "stdout",
     "output_type": "stream",
     "text": [
      "最佳拟合线:截距 -6769274.379960418 ,回归系数： [ 0.74590245 -0.56253613]\n",
      "回归得分: 0.9677601014865279\n"
     ]
    },
    {
     "name": "stderr",
     "output_type": "stream",
     "text": [
      "/Library/Frameworks/Python.framework/Versions/3.7/lib/python3.7/site-packages/sklearn/model_selection/_split.py:2179: FutureWarning: From version 0.21, test_size will always complement train_size unless both are specified.\n",
      "  FutureWarning)\n"
     ]
    }
   ],
   "source": [
    "#净利润和利润总额、所得税回归\n",
    "X_train,X_test,Y_train,Y_test = train_test_split(profitdata1.iloc[:,11:13],profitdata1['归属母公司所有者净利润(元)'],train_size=.80)\n",
    "model = LinearRegression()\n",
    "model.fit(X_train,Y_train)\n",
    "a1 = model.intercept_ \n",
    "b1 = model.coef_\n",
    "print(\"最佳拟合线:截距\",a1,\",回归系数：\",b1)\n",
    "score = model.score(X_test,Y_test)\n",
    "print(\"回归得分:\",score)"
   ]
  },
  {
   "cell_type": "markdown",
   "metadata": {},
   "source": []
  },
  {
   "cell_type": "code",
   "execution_count": null,
   "metadata": {},
   "outputs": [],
   "source": []
  }
 ],
 "metadata": {
  "kernelspec": {
   "display_name": "Python 3",
   "language": "python",
   "name": "python3"
  },
  "language_info": {
   "codemirror_mode": {
    "name": "ipython",
    "version": 3
   },
   "file_extension": ".py",
   "mimetype": "text/x-python",
   "name": "python",
   "nbconvert_exporter": "python",
   "pygments_lexer": "ipython3",
   "version": "3.7.2"
  }
 },
 "nbformat": 4,
 "nbformat_minor": 2
}
