{
 "cells": [
  {
   "cell_type": "code",
   "execution_count": 1,
   "metadata": {},
   "outputs": [
    {
     "name": "stdout",
     "output_type": "stream",
     "text": [
      "<class 'pandas.core.frame.DataFrame'>\n",
      "RangeIndex: 28887 entries, 0 to 28886\n",
      "Data columns (total 6 columns):\n",
      "企业编号           28887 non-null int64\n",
      "标题             28887 non-null object\n",
      "日期             28887 non-null object\n",
      "总资产周转率(次)      28797 non-null float64\n",
      "应收账款周转天数(天)    28797 non-null object\n",
      "存货周转天数(天)      28797 non-null object\n",
      "dtypes: float64(1), int64(1), object(4)\n",
      "memory usage: 1.3+ MB\n"
     ]
    }
   ],
   "source": [
    "import pandas as pd\n",
    "import numpy as np\n",
    "df_operation= pd.read_excel(r'.././Documents/赛题1数据集/上市信息财务信息运营能力指标.xlsx')\n",
    "df_operation.info()"
   ]
  },
  {
   "cell_type": "code",
   "execution_count": 7,
   "metadata": {},
   "outputs": [
    {
     "name": "stdout",
     "output_type": "stream",
     "text": [
      "<class 'pandas.core.frame.DataFrame'>\n",
      "RangeIndex: 28887 entries, 0 to 28886\n",
      "Data columns (total 6 columns):\n",
      "企业编号           28887 non-null int64\n",
      "标题             28887 non-null object\n",
      "日期             28887 non-null object\n",
      "总资产周转率(次)      28797 non-null float64\n",
      "应收账款周转天数(天)    27922 non-null float64\n",
      "存货周转天数(天)      27776 non-null float64\n",
      "dtypes: float64(3), int64(1), object(2)\n",
      "memory usage: 1.3+ MB\n"
     ]
    }
   ],
   "source": [
    "A=['应收账款周转天数(天)','存货周转天数(天)']\n",
    "for arr in A:\n",
    "    df_operation[arr]=pd.to_numeric(df_operation[arr],errors='coerce')\n",
    "df_operation.info()\n",
    "df_operation['总资产周转天数']=365/df_operation['总资产周转率(次)']"
   ]
  },
  {
   "cell_type": "code",
   "execution_count": 8,
   "metadata": {},
   "outputs": [
    {
     "data": {
      "text/html": [
       "<div>\n",
       "<style scoped>\n",
       "    .dataframe tbody tr th:only-of-type {\n",
       "        vertical-align: middle;\n",
       "    }\n",
       "\n",
       "    .dataframe tbody tr th {\n",
       "        vertical-align: top;\n",
       "    }\n",
       "\n",
       "    .dataframe thead th {\n",
       "        text-align: right;\n",
       "    }\n",
       "</style>\n",
       "<table border=\"1\" class=\"dataframe\">\n",
       "  <thead>\n",
       "    <tr style=\"text-align: right;\">\n",
       "      <th></th>\n",
       "      <th>企业编号</th>\n",
       "      <th>总资产周转率(次)</th>\n",
       "      <th>应收账款周转天数(天)</th>\n",
       "      <th>存货周转天数(天)</th>\n",
       "      <th>总资产周转天数</th>\n",
       "    </tr>\n",
       "  </thead>\n",
       "  <tbody>\n",
       "    <tr>\n",
       "      <th>企业编号</th>\n",
       "      <td>1.000000</td>\n",
       "      <td>-0.001532</td>\n",
       "      <td>0.024699</td>\n",
       "      <td>0.000874</td>\n",
       "      <td>-0.075680</td>\n",
       "    </tr>\n",
       "    <tr>\n",
       "      <th>总资产周转率(次)</th>\n",
       "      <td>-0.001532</td>\n",
       "      <td>1.000000</td>\n",
       "      <td>-0.033378</td>\n",
       "      <td>-0.007697</td>\n",
       "      <td>-0.348394</td>\n",
       "    </tr>\n",
       "    <tr>\n",
       "      <th>应收账款周转天数(天)</th>\n",
       "      <td>0.024699</td>\n",
       "      <td>-0.033378</td>\n",
       "      <td>1.000000</td>\n",
       "      <td>0.341202</td>\n",
       "      <td>0.093115</td>\n",
       "    </tr>\n",
       "    <tr>\n",
       "      <th>存货周转天数(天)</th>\n",
       "      <td>0.000874</td>\n",
       "      <td>-0.007697</td>\n",
       "      <td>0.341202</td>\n",
       "      <td>1.000000</td>\n",
       "      <td>0.246374</td>\n",
       "    </tr>\n",
       "    <tr>\n",
       "      <th>总资产周转天数</th>\n",
       "      <td>-0.075680</td>\n",
       "      <td>-0.348394</td>\n",
       "      <td>0.093115</td>\n",
       "      <td>0.246374</td>\n",
       "      <td>1.000000</td>\n",
       "    </tr>\n",
       "  </tbody>\n",
       "</table>\n",
       "</div>"
      ],
      "text/plain": [
       "                 企业编号  总资产周转率(次)  应收账款周转天数(天)  存货周转天数(天)   总资产周转天数\n",
       "企业编号         1.000000  -0.001532     0.024699   0.000874 -0.075680\n",
       "总资产周转率(次)   -0.001532   1.000000    -0.033378  -0.007697 -0.348394\n",
       "应收账款周转天数(天)  0.024699  -0.033378     1.000000   0.341202  0.093115\n",
       "存货周转天数(天)    0.000874  -0.007697     0.341202   1.000000  0.246374\n",
       "总资产周转天数     -0.075680  -0.348394     0.093115   0.246374  1.000000"
      ]
     },
     "execution_count": 8,
     "metadata": {},
     "output_type": "execute_result"
    }
   ],
   "source": [
    "df_operation.corr()"
   ]
  },
  {
   "cell_type": "code",
   "execution_count": 9,
   "metadata": {},
   "outputs": [
    {
     "data": {
      "text/html": [
       "<div>\n",
       "<style scoped>\n",
       "    .dataframe tbody tr th:only-of-type {\n",
       "        vertical-align: middle;\n",
       "    }\n",
       "\n",
       "    .dataframe tbody tr th {\n",
       "        vertical-align: top;\n",
       "    }\n",
       "\n",
       "    .dataframe thead th {\n",
       "        text-align: right;\n",
       "    }\n",
       "</style>\n",
       "<table border=\"1\" class=\"dataframe\">\n",
       "  <thead>\n",
       "    <tr style=\"text-align: right;\">\n",
       "      <th></th>\n",
       "      <th>总资产周转率(次)_mean</th>\n",
       "      <th>总资产周转率(次)_max</th>\n",
       "      <th>总资产周转率(次)_min</th>\n",
       "      <th>总资产周转率(次)_std</th>\n",
       "      <th>应收账款周转天数(天)_mean</th>\n",
       "      <th>应收账款周转天数(天)_max</th>\n",
       "      <th>应收账款周转天数(天)_min</th>\n",
       "      <th>应收账款周转天数(天)_std</th>\n",
       "      <th>存货周转天数(天)_mean</th>\n",
       "      <th>存货周转天数(天)_max</th>\n",
       "      <th>存货周转天数(天)_min</th>\n",
       "      <th>存货周转天数(天)_std</th>\n",
       "      <th>总资产周转天数_mean</th>\n",
       "      <th>总资产周转天数_max</th>\n",
       "      <th>总资产周转天数_min</th>\n",
       "      <th>总资产周转天数_std</th>\n",
       "      <th>企业编号</th>\n",
       "    </tr>\n",
       "    <tr>\n",
       "      <th>企业编号</th>\n",
       "      <th></th>\n",
       "      <th></th>\n",
       "      <th></th>\n",
       "      <th></th>\n",
       "      <th></th>\n",
       "      <th></th>\n",
       "      <th></th>\n",
       "      <th></th>\n",
       "      <th></th>\n",
       "      <th></th>\n",
       "      <th></th>\n",
       "      <th></th>\n",
       "      <th></th>\n",
       "      <th></th>\n",
       "      <th></th>\n",
       "      <th></th>\n",
       "      <th></th>\n",
       "    </tr>\n",
       "  </thead>\n",
       "  <tbody>\n",
       "    <tr>\n",
       "      <th>1001</th>\n",
       "      <td>0.017778</td>\n",
       "      <td>0.03</td>\n",
       "      <td>0.01</td>\n",
       "      <td>0.008333</td>\n",
       "      <td>NaN</td>\n",
       "      <td>NaN</td>\n",
       "      <td>NaN</td>\n",
       "      <td>NaN</td>\n",
       "      <td>NaN</td>\n",
       "      <td>NaN</td>\n",
       "      <td>NaN</td>\n",
       "      <td>NaN</td>\n",
       "      <td>25009.259259</td>\n",
       "      <td>36500.000000</td>\n",
       "      <td>12166.666667</td>\n",
       "      <td>11152.777778</td>\n",
       "      <td>1001</td>\n",
       "    </tr>\n",
       "    <tr>\n",
       "      <th>1002</th>\n",
       "      <td>0.225556</td>\n",
       "      <td>0.41</td>\n",
       "      <td>0.07</td>\n",
       "      <td>0.115554</td>\n",
       "      <td>46.903333</td>\n",
       "      <td>56.59</td>\n",
       "      <td>39.83</td>\n",
       "      <td>6.234116</td>\n",
       "      <td>6.506667</td>\n",
       "      <td>7.04</td>\n",
       "      <td>5.01</td>\n",
       "      <td>0.702335</td>\n",
       "      <td>2220.247641</td>\n",
       "      <td>5214.285714</td>\n",
       "      <td>890.243902</td>\n",
       "      <td>1484.179645</td>\n",
       "      <td>1002</td>\n",
       "    </tr>\n",
       "    <tr>\n",
       "      <th>1003</th>\n",
       "      <td>0.486667</td>\n",
       "      <td>0.93</td>\n",
       "      <td>0.14</td>\n",
       "      <td>0.260144</td>\n",
       "      <td>84.275556</td>\n",
       "      <td>139.91</td>\n",
       "      <td>56.02</td>\n",
       "      <td>33.143654</td>\n",
       "      <td>54.918889</td>\n",
       "      <td>75.54</td>\n",
       "      <td>38.01</td>\n",
       "      <td>11.089465</td>\n",
       "      <td>1062.667690</td>\n",
       "      <td>2607.142857</td>\n",
       "      <td>392.473118</td>\n",
       "      <td>758.428338</td>\n",
       "      <td>1003</td>\n",
       "    </tr>\n",
       "  </tbody>\n",
       "</table>\n",
       "</div>"
      ],
      "text/plain": [
       "      总资产周转率(次)_mean  总资产周转率(次)_max  总资产周转率(次)_min  总资产周转率(次)_std  \\\n",
       "企业编号                                                                \n",
       "1001        0.017778           0.03           0.01       0.008333   \n",
       "1002        0.225556           0.41           0.07       0.115554   \n",
       "1003        0.486667           0.93           0.14       0.260144   \n",
       "\n",
       "      应收账款周转天数(天)_mean  应收账款周转天数(天)_max  应收账款周转天数(天)_min  应收账款周转天数(天)_std  \\\n",
       "企业编号                                                                        \n",
       "1001               NaN              NaN              NaN              NaN   \n",
       "1002         46.903333            56.59            39.83         6.234116   \n",
       "1003         84.275556           139.91            56.02        33.143654   \n",
       "\n",
       "      存货周转天数(天)_mean  存货周转天数(天)_max  存货周转天数(天)_min  存货周转天数(天)_std  \\\n",
       "企业编号                                                                \n",
       "1001             NaN            NaN            NaN            NaN   \n",
       "1002        6.506667           7.04           5.01       0.702335   \n",
       "1003       54.918889          75.54          38.01      11.089465   \n",
       "\n",
       "      总资产周转天数_mean   总资产周转天数_max   总资产周转天数_min   总资产周转天数_std  企业编号  \n",
       "企业编号                                                                \n",
       "1001  25009.259259  36500.000000  12166.666667  11152.777778  1001  \n",
       "1002   2220.247641   5214.285714    890.243902   1484.179645  1002  \n",
       "1003   1062.667690   2607.142857    392.473118    758.428338  1003  "
      ]
     },
     "execution_count": 9,
     "metadata": {},
     "output_type": "execute_result"
    }
   ],
   "source": [
    "agg_func = {\n",
    "    '总资产周转率(次)': ['mean', 'max', 'min','std'],\n",
    "    '应收账款周转天数(天)': ['mean', 'max', 'min','std'],\n",
    "    '存货周转天数(天)': ['mean', 'max', 'min','std'],\n",
    "    '总资产周转天数': ['mean', 'max', 'min','std'],\n",
    "}\n",
    "df_operation_new = df_operation.groupby(['企业编号']).agg(agg_func)\n",
    "df_operation_new.columns = ['_'.join(col) for col in df_operation_new.columns.values]\n",
    "df_operation_new.columns = [\n",
    "     '总资产周转率(次)_mean', '总资产周转率(次)_max', '总资产周转率(次)_min', '总资产周转率(次)_std','应收账款周转天数(天)_mean', '应收账款周转天数(天)_max', '应收账款周转天数(天)_min', '应收账款周转天数(天)_std',\n",
    "     '存货周转天数(天)_mean', '存货周转天数(天)_max', '存货周转天数(天)_min', '存货周转天数(天)_std', '总资产周转天数_mean', '总资产周转天数_max', '总资产周转天数_min', '总资产周转天数_std']\n",
    "df_operation_new['企业编号'] =df_operation_new.index\n",
    "df_operation_new.head(n=3)"
   ]
  },
  {
   "cell_type": "code",
   "execution_count": 10,
   "metadata": {},
   "outputs": [
    {
     "name": "stdout",
     "output_type": "stream",
     "text": [
      "<class 'pandas.core.frame.DataFrame'>\n",
      "Int64Index: 2995 entries, 0 to 2994\n",
      "Data columns (total 20 columns):\n",
      "企业编号                2995 non-null int64\n",
      "总资产周转率(次)_mean      2994 non-null float64\n",
      "总资产周转率(次)_max       2994 non-null float64\n",
      "总资产周转率(次)_min       2994 non-null float64\n",
      "总资产周转率(次)_std       2994 non-null float64\n",
      "应收账款周转天数(天)_mean    2921 non-null float64\n",
      "应收账款周转天数(天)_max     2921 non-null float64\n",
      "应收账款周转天数(天)_min     2921 non-null float64\n",
      "应收账款周转天数(天)_std     2919 non-null float64\n",
      "存货周转天数(天)_mean      2911 non-null float64\n",
      "存货周转天数(天)_max       2911 non-null float64\n",
      "存货周转天数(天)_min       2911 non-null float64\n",
      "存货周转天数(天)_std       2907 non-null float64\n",
      "总资产周转天数_mean        2994 non-null float64\n",
      "总资产周转天数_max         2994 non-null float64\n",
      "总资产周转天数_min         2994 non-null float64\n",
      "总资产周转天数_std         2952 non-null float64\n",
      "企业编号_x              2995 non-null int64\n",
      "企业编号_y              2995 non-null int64\n",
      "企业总评分               2995 non-null float64\n",
      "dtypes: float64(17), int64(3)\n",
      "memory usage: 491.4 KB\n"
     ]
    }
   ],
   "source": [
    "score= pd.read_excel(r'.././Documents/赛题1数据集/企业评分.xlsx')\n",
    "df_operation_cor = df_operation_new.merge(score, how='inner', left_index=True,right_on=\"企业编号\")\n",
    "df_operation_cor.info()\n",
    "columns = ['企业总评分',\n",
    "             '总资产周转率(次)_mean', '总资产周转率(次)_max', '总资产周转率(次)_min', '总资产周转率(次)_std','应收账款周转天数(天)_mean', '应收账款周转天数(天)_max', '应收账款周转天数(天)_min', '应收账款周转天数(天)_std',\n",
    "     '存货周转天数(天)_mean', '存货周转天数(天)_max', '存货周转天数(天)_min', '存货周转天数(天)_std', '总资产周转天数_mean', '总资产周转天数_max', '总资产周转天数_min', '总资产周转天数_std']\n",
    "df_operation_cor = pd.DataFrame(df_operation_cor, columns=columns)"
   ]
  },
  {
   "cell_type": "code",
   "execution_count": 13,
   "metadata": {},
   "outputs": [
    {
     "name": "stdout",
     "output_type": "stream",
     "text": [
      "<class 'pandas.core.frame.DataFrame'>\n",
      "Int64Index: 2995 entries, 0 to 2994\n",
      "Data columns (total 17 columns):\n",
      "企业总评分               2995 non-null float64\n",
      "总资产周转率(次)_mean      2994 non-null float64\n",
      "总资产周转率(次)_max       2994 non-null float64\n",
      "总资产周转率(次)_min       2994 non-null float64\n",
      "总资产周转率(次)_std       2994 non-null float64\n",
      "应收账款周转天数(天)_mean    2921 non-null float64\n",
      "应收账款周转天数(天)_max     2921 non-null float64\n",
      "应收账款周转天数(天)_min     2921 non-null float64\n",
      "应收账款周转天数(天)_std     2919 non-null float64\n",
      "存货周转天数(天)_mean      2911 non-null float64\n",
      "存货周转天数(天)_max       2911 non-null float64\n",
      "存货周转天数(天)_min       2911 non-null float64\n",
      "存货周转天数(天)_std       2907 non-null float64\n",
      "总资产周转天数_mean        2994 non-null float64\n",
      "总资产周转天数_max         2994 non-null float64\n",
      "总资产周转天数_min         2994 non-null float64\n",
      "总资产周转天数_std         2952 non-null float64\n",
      "dtypes: float64(17)\n",
      "memory usage: 421.2 KB\n"
     ]
    },
    {
     "data": {
      "text/html": [
       "<div>\n",
       "<style scoped>\n",
       "    .dataframe tbody tr th:only-of-type {\n",
       "        vertical-align: middle;\n",
       "    }\n",
       "\n",
       "    .dataframe tbody tr th {\n",
       "        vertical-align: top;\n",
       "    }\n",
       "\n",
       "    .dataframe thead th {\n",
       "        text-align: right;\n",
       "    }\n",
       "</style>\n",
       "<table border=\"1\" class=\"dataframe\">\n",
       "  <thead>\n",
       "    <tr style=\"text-align: right;\">\n",
       "      <th></th>\n",
       "      <th>企业总评分</th>\n",
       "      <th>总资产周转率(次)_mean</th>\n",
       "      <th>总资产周转率(次)_max</th>\n",
       "      <th>总资产周转率(次)_min</th>\n",
       "      <th>总资产周转率(次)_std</th>\n",
       "      <th>应收账款周转天数(天)_mean</th>\n",
       "      <th>应收账款周转天数(天)_max</th>\n",
       "      <th>应收账款周转天数(天)_min</th>\n",
       "      <th>应收账款周转天数(天)_std</th>\n",
       "      <th>存货周转天数(天)_mean</th>\n",
       "      <th>存货周转天数(天)_max</th>\n",
       "      <th>存货周转天数(天)_min</th>\n",
       "      <th>存货周转天数(天)_std</th>\n",
       "      <th>总资产周转天数_mean</th>\n",
       "      <th>总资产周转天数_max</th>\n",
       "      <th>总资产周转天数_min</th>\n",
       "      <th>总资产周转天数_std</th>\n",
       "    </tr>\n",
       "  </thead>\n",
       "  <tbody>\n",
       "    <tr>\n",
       "      <th>企业总评分</th>\n",
       "      <td>1.000000</td>\n",
       "      <td>0.047116</td>\n",
       "      <td>0.017437</td>\n",
       "      <td>0.062878</td>\n",
       "      <td>0.013782</td>\n",
       "      <td>0.023296</td>\n",
       "      <td>0.007085</td>\n",
       "      <td>0.046106</td>\n",
       "      <td>-0.001859</td>\n",
       "      <td>-0.037634</td>\n",
       "      <td>-0.034739</td>\n",
       "      <td>0.031777</td>\n",
       "      <td>-0.034827</td>\n",
       "      <td>-0.237020</td>\n",
       "      <td>-0.244280</td>\n",
       "      <td>-0.196671</td>\n",
       "      <td>-0.237479</td>\n",
       "    </tr>\n",
       "    <tr>\n",
       "      <th>总资产周转率(次)_mean</th>\n",
       "      <td>0.047116</td>\n",
       "      <td>1.000000</td>\n",
       "      <td>0.925159</td>\n",
       "      <td>0.913318</td>\n",
       "      <td>0.905236</td>\n",
       "      <td>-0.060753</td>\n",
       "      <td>-0.043861</td>\n",
       "      <td>-0.014889</td>\n",
       "      <td>-0.039619</td>\n",
       "      <td>-0.011778</td>\n",
       "      <td>-0.007000</td>\n",
       "      <td>0.000240</td>\n",
       "      <td>-0.006929</td>\n",
       "      <td>-0.468408</td>\n",
       "      <td>-0.479587</td>\n",
       "      <td>-0.388538</td>\n",
       "      <td>-0.463928</td>\n",
       "    </tr>\n",
       "    <tr>\n",
       "      <th>总资产周转率(次)_max</th>\n",
       "      <td>0.017437</td>\n",
       "      <td>0.925159</td>\n",
       "      <td>1.000000</td>\n",
       "      <td>0.740128</td>\n",
       "      <td>0.992067</td>\n",
       "      <td>-0.046640</td>\n",
       "      <td>-0.031727</td>\n",
       "      <td>-0.017459</td>\n",
       "      <td>-0.028021</td>\n",
       "      <td>-0.002522</td>\n",
       "      <td>0.001318</td>\n",
       "      <td>-0.007161</td>\n",
       "      <td>0.001417</td>\n",
       "      <td>-0.398088</td>\n",
       "      <td>-0.387689</td>\n",
       "      <td>-0.357000</td>\n",
       "      <td>-0.375234</td>\n",
       "    </tr>\n",
       "    <tr>\n",
       "      <th>总资产周转率(次)_min</th>\n",
       "      <td>0.062878</td>\n",
       "      <td>0.913318</td>\n",
       "      <td>0.740128</td>\n",
       "      <td>1.000000</td>\n",
       "      <td>0.694492</td>\n",
       "      <td>-0.070167</td>\n",
       "      <td>-0.054561</td>\n",
       "      <td>-0.005057</td>\n",
       "      <td>-0.050981</td>\n",
       "      <td>-0.028571</td>\n",
       "      <td>-0.023827</td>\n",
       "      <td>0.017428</td>\n",
       "      <td>-0.023797</td>\n",
       "      <td>-0.456731</td>\n",
       "      <td>-0.508166</td>\n",
       "      <td>-0.345177</td>\n",
       "      <td>-0.493300</td>\n",
       "    </tr>\n",
       "    <tr>\n",
       "      <th>总资产周转率(次)_std</th>\n",
       "      <td>0.013782</td>\n",
       "      <td>0.905236</td>\n",
       "      <td>0.992067</td>\n",
       "      <td>0.694492</td>\n",
       "      <td>1.000000</td>\n",
       "      <td>-0.041242</td>\n",
       "      <td>-0.026361</td>\n",
       "      <td>-0.020867</td>\n",
       "      <td>-0.022367</td>\n",
       "      <td>0.004935</td>\n",
       "      <td>0.008545</td>\n",
       "      <td>-0.014184</td>\n",
       "      <td>0.008662</td>\n",
       "      <td>-0.386930</td>\n",
       "      <td>-0.368672</td>\n",
       "      <td>-0.353468</td>\n",
       "      <td>-0.354128</td>\n",
       "    </tr>\n",
       "    <tr>\n",
       "      <th>应收账款周转天数(天)_mean</th>\n",
       "      <td>0.023296</td>\n",
       "      <td>-0.060753</td>\n",
       "      <td>-0.046640</td>\n",
       "      <td>-0.070167</td>\n",
       "      <td>-0.041242</td>\n",
       "      <td>1.000000</td>\n",
       "      <td>0.982967</td>\n",
       "      <td>0.175148</td>\n",
       "      <td>0.937125</td>\n",
       "      <td>0.387631</td>\n",
       "      <td>0.386362</td>\n",
       "      <td>-0.383865</td>\n",
       "      <td>0.386317</td>\n",
       "      <td>0.114299</td>\n",
       "      <td>0.121616</td>\n",
       "      <td>0.111820</td>\n",
       "      <td>0.117008</td>\n",
       "    </tr>\n",
       "    <tr>\n",
       "      <th>应收账款周转天数(天)_max</th>\n",
       "      <td>0.007085</td>\n",
       "      <td>-0.043861</td>\n",
       "      <td>-0.031727</td>\n",
       "      <td>-0.054561</td>\n",
       "      <td>-0.026361</td>\n",
       "      <td>0.982967</td>\n",
       "      <td>1.000000</td>\n",
       "      <td>0.016347</td>\n",
       "      <td>0.982067</td>\n",
       "      <td>0.429327</td>\n",
       "      <td>0.428692</td>\n",
       "      <td>-0.426762</td>\n",
       "      <td>0.428662</td>\n",
       "      <td>0.102809</td>\n",
       "      <td>0.110739</td>\n",
       "      <td>0.088481</td>\n",
       "      <td>0.105473</td>\n",
       "    </tr>\n",
       "    <tr>\n",
       "      <th>应收账款周转天数(天)_min</th>\n",
       "      <td>0.046106</td>\n",
       "      <td>-0.014889</td>\n",
       "      <td>-0.017459</td>\n",
       "      <td>-0.005057</td>\n",
       "      <td>-0.020867</td>\n",
       "      <td>0.175148</td>\n",
       "      <td>0.016347</td>\n",
       "      <td>1.000000</td>\n",
       "      <td>-0.166595</td>\n",
       "      <td>0.001135</td>\n",
       "      <td>0.001169</td>\n",
       "      <td>-0.001142</td>\n",
       "      <td>0.001161</td>\n",
       "      <td>0.117145</td>\n",
       "      <td>0.110274</td>\n",
       "      <td>0.013964</td>\n",
       "      <td>0.113593</td>\n",
       "    </tr>\n",
       "    <tr>\n",
       "      <th>应收账款周转天数(天)_std</th>\n",
       "      <td>-0.001859</td>\n",
       "      <td>-0.039619</td>\n",
       "      <td>-0.028021</td>\n",
       "      <td>-0.050981</td>\n",
       "      <td>-0.022367</td>\n",
       "      <td>0.937125</td>\n",
       "      <td>0.982067</td>\n",
       "      <td>-0.166595</td>\n",
       "      <td>1.000000</td>\n",
       "      <td>0.404367</td>\n",
       "      <td>0.403626</td>\n",
       "      <td>-0.401657</td>\n",
       "      <td>0.403595</td>\n",
       "      <td>0.099103</td>\n",
       "      <td>0.106242</td>\n",
       "      <td>0.086361</td>\n",
       "      <td>0.101076</td>\n",
       "    </tr>\n",
       "    <tr>\n",
       "      <th>存货周转天数(天)_mean</th>\n",
       "      <td>-0.037634</td>\n",
       "      <td>-0.011778</td>\n",
       "      <td>-0.002522</td>\n",
       "      <td>-0.028571</td>\n",
       "      <td>0.004935</td>\n",
       "      <td>0.387631</td>\n",
       "      <td>0.429327</td>\n",
       "      <td>0.001135</td>\n",
       "      <td>0.404367</td>\n",
       "      <td>1.000000</td>\n",
       "      <td>0.998930</td>\n",
       "      <td>-0.995353</td>\n",
       "      <td>0.998945</td>\n",
       "      <td>0.230073</td>\n",
       "      <td>0.204963</td>\n",
       "      <td>0.011638</td>\n",
       "      <td>0.208847</td>\n",
       "    </tr>\n",
       "    <tr>\n",
       "      <th>存货周转天数(天)_max</th>\n",
       "      <td>-0.034739</td>\n",
       "      <td>-0.007000</td>\n",
       "      <td>0.001318</td>\n",
       "      <td>-0.023827</td>\n",
       "      <td>0.008545</td>\n",
       "      <td>0.386362</td>\n",
       "      <td>0.428692</td>\n",
       "      <td>0.001169</td>\n",
       "      <td>0.403626</td>\n",
       "      <td>0.998930</td>\n",
       "      <td>1.000000</td>\n",
       "      <td>-0.998551</td>\n",
       "      <td>0.999995</td>\n",
       "      <td>0.252118</td>\n",
       "      <td>0.255725</td>\n",
       "      <td>-0.003139</td>\n",
       "      <td>0.262097</td>\n",
       "    </tr>\n",
       "    <tr>\n",
       "      <th>存货周转天数(天)_min</th>\n",
       "      <td>0.031777</td>\n",
       "      <td>0.000240</td>\n",
       "      <td>-0.007161</td>\n",
       "      <td>0.017428</td>\n",
       "      <td>-0.014184</td>\n",
       "      <td>-0.383865</td>\n",
       "      <td>-0.426762</td>\n",
       "      <td>-0.001142</td>\n",
       "      <td>-0.401657</td>\n",
       "      <td>-0.995353</td>\n",
       "      <td>-0.998551</td>\n",
       "      <td>1.000000</td>\n",
       "      <td>-0.998596</td>\n",
       "      <td>0.210603</td>\n",
       "      <td>0.169415</td>\n",
       "      <td>0.022793</td>\n",
       "      <td>0.165611</td>\n",
       "    </tr>\n",
       "    <tr>\n",
       "      <th>存货周转天数(天)_std</th>\n",
       "      <td>-0.034827</td>\n",
       "      <td>-0.006929</td>\n",
       "      <td>0.001417</td>\n",
       "      <td>-0.023797</td>\n",
       "      <td>0.008662</td>\n",
       "      <td>0.386317</td>\n",
       "      <td>0.428662</td>\n",
       "      <td>0.001161</td>\n",
       "      <td>0.403595</td>\n",
       "      <td>0.998945</td>\n",
       "      <td>0.999995</td>\n",
       "      <td>-0.998596</td>\n",
       "      <td>1.000000</td>\n",
       "      <td>0.210976</td>\n",
       "      <td>0.218794</td>\n",
       "      <td>-0.003463</td>\n",
       "      <td>0.228119</td>\n",
       "    </tr>\n",
       "    <tr>\n",
       "      <th>总资产周转天数_mean</th>\n",
       "      <td>-0.237020</td>\n",
       "      <td>-0.468408</td>\n",
       "      <td>-0.398088</td>\n",
       "      <td>-0.456731</td>\n",
       "      <td>-0.386930</td>\n",
       "      <td>0.114299</td>\n",
       "      <td>0.102809</td>\n",
       "      <td>0.117145</td>\n",
       "      <td>0.099103</td>\n",
       "      <td>0.230073</td>\n",
       "      <td>0.252118</td>\n",
       "      <td>0.210603</td>\n",
       "      <td>0.210976</td>\n",
       "      <td>1.000000</td>\n",
       "      <td>0.909295</td>\n",
       "      <td>0.906750</td>\n",
       "      <td>0.900334</td>\n",
       "    </tr>\n",
       "    <tr>\n",
       "      <th>总资产周转天数_max</th>\n",
       "      <td>-0.244280</td>\n",
       "      <td>-0.479587</td>\n",
       "      <td>-0.387689</td>\n",
       "      <td>-0.508166</td>\n",
       "      <td>-0.368672</td>\n",
       "      <td>0.121616</td>\n",
       "      <td>0.110739</td>\n",
       "      <td>0.110274</td>\n",
       "      <td>0.106242</td>\n",
       "      <td>0.204963</td>\n",
       "      <td>0.255725</td>\n",
       "      <td>0.169415</td>\n",
       "      <td>0.218794</td>\n",
       "      <td>0.909295</td>\n",
       "      <td>1.000000</td>\n",
       "      <td>0.707541</td>\n",
       "      <td>0.989699</td>\n",
       "    </tr>\n",
       "    <tr>\n",
       "      <th>总资产周转天数_min</th>\n",
       "      <td>-0.196671</td>\n",
       "      <td>-0.388538</td>\n",
       "      <td>-0.357000</td>\n",
       "      <td>-0.345177</td>\n",
       "      <td>-0.353468</td>\n",
       "      <td>0.111820</td>\n",
       "      <td>0.088481</td>\n",
       "      <td>0.013964</td>\n",
       "      <td>0.086361</td>\n",
       "      <td>0.011638</td>\n",
       "      <td>-0.003139</td>\n",
       "      <td>0.022793</td>\n",
       "      <td>-0.003463</td>\n",
       "      <td>0.906750</td>\n",
       "      <td>0.707541</td>\n",
       "      <td>1.000000</td>\n",
       "      <td>0.671536</td>\n",
       "    </tr>\n",
       "    <tr>\n",
       "      <th>总资产周转天数_std</th>\n",
       "      <td>-0.237479</td>\n",
       "      <td>-0.463928</td>\n",
       "      <td>-0.375234</td>\n",
       "      <td>-0.493300</td>\n",
       "      <td>-0.354128</td>\n",
       "      <td>0.117008</td>\n",
       "      <td>0.105473</td>\n",
       "      <td>0.113593</td>\n",
       "      <td>0.101076</td>\n",
       "      <td>0.208847</td>\n",
       "      <td>0.262097</td>\n",
       "      <td>0.165611</td>\n",
       "      <td>0.228119</td>\n",
       "      <td>0.900334</td>\n",
       "      <td>0.989699</td>\n",
       "      <td>0.671536</td>\n",
       "      <td>1.000000</td>\n",
       "    </tr>\n",
       "  </tbody>\n",
       "</table>\n",
       "</div>"
      ],
      "text/plain": [
       "                     企业总评分  总资产周转率(次)_mean  总资产周转率(次)_max  总资产周转率(次)_min  \\\n",
       "企业总评分             1.000000        0.047116       0.017437       0.062878   \n",
       "总资产周转率(次)_mean    0.047116        1.000000       0.925159       0.913318   \n",
       "总资产周转率(次)_max     0.017437        0.925159       1.000000       0.740128   \n",
       "总资产周转率(次)_min     0.062878        0.913318       0.740128       1.000000   \n",
       "总资产周转率(次)_std     0.013782        0.905236       0.992067       0.694492   \n",
       "应收账款周转天数(天)_mean  0.023296       -0.060753      -0.046640      -0.070167   \n",
       "应收账款周转天数(天)_max   0.007085       -0.043861      -0.031727      -0.054561   \n",
       "应收账款周转天数(天)_min   0.046106       -0.014889      -0.017459      -0.005057   \n",
       "应收账款周转天数(天)_std  -0.001859       -0.039619      -0.028021      -0.050981   \n",
       "存货周转天数(天)_mean   -0.037634       -0.011778      -0.002522      -0.028571   \n",
       "存货周转天数(天)_max    -0.034739       -0.007000       0.001318      -0.023827   \n",
       "存货周转天数(天)_min     0.031777        0.000240      -0.007161       0.017428   \n",
       "存货周转天数(天)_std    -0.034827       -0.006929       0.001417      -0.023797   \n",
       "总资产周转天数_mean     -0.237020       -0.468408      -0.398088      -0.456731   \n",
       "总资产周转天数_max      -0.244280       -0.479587      -0.387689      -0.508166   \n",
       "总资产周转天数_min      -0.196671       -0.388538      -0.357000      -0.345177   \n",
       "总资产周转天数_std      -0.237479       -0.463928      -0.375234      -0.493300   \n",
       "\n",
       "                  总资产周转率(次)_std  应收账款周转天数(天)_mean  应收账款周转天数(天)_max  \\\n",
       "企业总评分                  0.013782          0.023296         0.007085   \n",
       "总资产周转率(次)_mean         0.905236         -0.060753        -0.043861   \n",
       "总资产周转率(次)_max          0.992067         -0.046640        -0.031727   \n",
       "总资产周转率(次)_min          0.694492         -0.070167        -0.054561   \n",
       "总资产周转率(次)_std          1.000000         -0.041242        -0.026361   \n",
       "应收账款周转天数(天)_mean      -0.041242          1.000000         0.982967   \n",
       "应收账款周转天数(天)_max       -0.026361          0.982967         1.000000   \n",
       "应收账款周转天数(天)_min       -0.020867          0.175148         0.016347   \n",
       "应收账款周转天数(天)_std       -0.022367          0.937125         0.982067   \n",
       "存货周转天数(天)_mean         0.004935          0.387631         0.429327   \n",
       "存货周转天数(天)_max          0.008545          0.386362         0.428692   \n",
       "存货周转天数(天)_min         -0.014184         -0.383865        -0.426762   \n",
       "存货周转天数(天)_std          0.008662          0.386317         0.428662   \n",
       "总资产周转天数_mean          -0.386930          0.114299         0.102809   \n",
       "总资产周转天数_max           -0.368672          0.121616         0.110739   \n",
       "总资产周转天数_min           -0.353468          0.111820         0.088481   \n",
       "总资产周转天数_std           -0.354128          0.117008         0.105473   \n",
       "\n",
       "                  应收账款周转天数(天)_min  应收账款周转天数(天)_std  存货周转天数(天)_mean  \\\n",
       "企业总评分                    0.046106        -0.001859       -0.037634   \n",
       "总资产周转率(次)_mean          -0.014889        -0.039619       -0.011778   \n",
       "总资产周转率(次)_max           -0.017459        -0.028021       -0.002522   \n",
       "总资产周转率(次)_min           -0.005057        -0.050981       -0.028571   \n",
       "总资产周转率(次)_std           -0.020867        -0.022367        0.004935   \n",
       "应收账款周转天数(天)_mean         0.175148         0.937125        0.387631   \n",
       "应收账款周转天数(天)_max          0.016347         0.982067        0.429327   \n",
       "应收账款周转天数(天)_min          1.000000        -0.166595        0.001135   \n",
       "应收账款周转天数(天)_std         -0.166595         1.000000        0.404367   \n",
       "存货周转天数(天)_mean           0.001135         0.404367        1.000000   \n",
       "存货周转天数(天)_max            0.001169         0.403626        0.998930   \n",
       "存货周转天数(天)_min           -0.001142        -0.401657       -0.995353   \n",
       "存货周转天数(天)_std            0.001161         0.403595        0.998945   \n",
       "总资产周转天数_mean             0.117145         0.099103        0.230073   \n",
       "总资产周转天数_max              0.110274         0.106242        0.204963   \n",
       "总资产周转天数_min              0.013964         0.086361        0.011638   \n",
       "总资产周转天数_std              0.113593         0.101076        0.208847   \n",
       "\n",
       "                  存货周转天数(天)_max  存货周转天数(天)_min  存货周转天数(天)_std  总资产周转天数_mean  \\\n",
       "企业总评分                 -0.034739       0.031777      -0.034827     -0.237020   \n",
       "总资产周转率(次)_mean        -0.007000       0.000240      -0.006929     -0.468408   \n",
       "总资产周转率(次)_max          0.001318      -0.007161       0.001417     -0.398088   \n",
       "总资产周转率(次)_min         -0.023827       0.017428      -0.023797     -0.456731   \n",
       "总资产周转率(次)_std          0.008545      -0.014184       0.008662     -0.386930   \n",
       "应收账款周转天数(天)_mean       0.386362      -0.383865       0.386317      0.114299   \n",
       "应收账款周转天数(天)_max        0.428692      -0.426762       0.428662      0.102809   \n",
       "应收账款周转天数(天)_min        0.001169      -0.001142       0.001161      0.117145   \n",
       "应收账款周转天数(天)_std        0.403626      -0.401657       0.403595      0.099103   \n",
       "存货周转天数(天)_mean         0.998930      -0.995353       0.998945      0.230073   \n",
       "存货周转天数(天)_max          1.000000      -0.998551       0.999995      0.252118   \n",
       "存货周转天数(天)_min         -0.998551       1.000000      -0.998596      0.210603   \n",
       "存货周转天数(天)_std          0.999995      -0.998596       1.000000      0.210976   \n",
       "总资产周转天数_mean           0.252118       0.210603       0.210976      1.000000   \n",
       "总资产周转天数_max            0.255725       0.169415       0.218794      0.909295   \n",
       "总资产周转天数_min           -0.003139       0.022793      -0.003463      0.906750   \n",
       "总资产周转天数_std            0.262097       0.165611       0.228119      0.900334   \n",
       "\n",
       "                  总资产周转天数_max  总资产周转天数_min  总资产周转天数_std  \n",
       "企业总评分               -0.244280    -0.196671    -0.237479  \n",
       "总资产周转率(次)_mean      -0.479587    -0.388538    -0.463928  \n",
       "总资产周转率(次)_max       -0.387689    -0.357000    -0.375234  \n",
       "总资产周转率(次)_min       -0.508166    -0.345177    -0.493300  \n",
       "总资产周转率(次)_std       -0.368672    -0.353468    -0.354128  \n",
       "应收账款周转天数(天)_mean     0.121616     0.111820     0.117008  \n",
       "应收账款周转天数(天)_max      0.110739     0.088481     0.105473  \n",
       "应收账款周转天数(天)_min      0.110274     0.013964     0.113593  \n",
       "应收账款周转天数(天)_std      0.106242     0.086361     0.101076  \n",
       "存货周转天数(天)_mean       0.204963     0.011638     0.208847  \n",
       "存货周转天数(天)_max        0.255725    -0.003139     0.262097  \n",
       "存货周转天数(天)_min        0.169415     0.022793     0.165611  \n",
       "存货周转天数(天)_std        0.218794    -0.003463     0.228119  \n",
       "总资产周转天数_mean         0.909295     0.906750     0.900334  \n",
       "总资产周转天数_max          1.000000     0.707541     0.989699  \n",
       "总资产周转天数_min          0.707541     1.000000     0.671536  \n",
       "总资产周转天数_std          0.989699     0.671536     1.000000  "
      ]
     },
     "execution_count": 13,
     "metadata": {},
     "output_type": "execute_result"
    }
   ],
   "source": [
    "df_operation_cor.dropna()\n",
    "df_operation_cor.info()\n",
    "df_operation_cor.corr()"
   ]
  },
  {
   "cell_type": "code",
   "execution_count": null,
   "metadata": {},
   "outputs": [],
   "source": []
  }
 ],
 "metadata": {
  "kernelspec": {
   "display_name": "Python 3",
   "language": "python",
   "name": "python3"
  },
  "language_info": {
   "codemirror_mode": {
    "name": "ipython",
    "version": 3
   },
   "file_extension": ".py",
   "mimetype": "text/x-python",
   "name": "python",
   "nbconvert_exporter": "python",
   "pygments_lexer": "ipython3",
   "version": "3.7.2"
  }
 },
 "nbformat": 4,
 "nbformat_minor": 2
}
